proj:       1
zone:       36
north:      3607289.09599
south:      3588726.4715
east:       769094.61978
west:       739679.913368
cols:       2941
rows:       1856
e-w resol:  10.00160028
n-s resol:  10.00141406
format:     -1
compressed: 1
